   2.32023E-07  3.28852E-12  2.50600E-10
   5.82849E-07  1.44752E-11  6.29400E-10
   1.46382E-06  6.09178E-11  1.58100E-09
   3.67798E-06  2.44227E-10  3.97200E-09
   4.62986E-06  3.28417E-10  5.00000E-09
   9.23962E-06  8.96126E-10  9.97600E-09
   1.84346E-05  2.39359E-09  1.99000E-08
   3.67854E-05  6.28227E-09  3.97200E-08
   7.34145E-05  1.62617E-08  7.92400E-08
   1.46494E-04  4.16905E-08  1.58100E-07
   1.84457E-04  5.45668E-08  1.99000E-07
   2.92374E-04  1.01727E-07  3.15500E-07
   4.63432E-04  1.89158E-07  5.00000E-07
   5.83408E-04  2.57849E-07  6.29400E-07
   7.34703E-04  3.14482E-07  7.92400E-07
   9.25078E-04  4.28394E-07  9.97600E-07
   1.46606E-03  7.94328E-07  1.58100E-06
   2.32470E-03  1.47130E-06  2.50600E-06
   3.68524E-03  2.72398E-06  3.97200E-06
   4.64046E-03  3.53573E-06  5.00000E-06
   5.83966E-03  4.80974E-06  6.29400E-06
   7.35820E-03  6.54455E-06  7.92400E-06
   9.30699E-03  8.94234E-06  9.97600E-06
   2.94749E-02  3.73626E-05  3.15500E-05
   9.33504E-02  1.62690E-04  9.97600E-05
   1.48104E-01  2.80500E-04  1.58100E-04
   2.41174E-01  4.90314E-04  2.57200E-04
   3.70821E-01  5.71098E-04  3.95100E-04
   6.70956E-01  7.64082E-04  7.14300E-04
   4.70653E+00  7.86935E-03  5.00000E-03
   9.42222E+00  1.62059E-02  1.00000E-02
   1.41439E+01  2.93320E-02  1.50000E-02
   1.88705E+01  4.52964E-02  2.00000E-02
   2.36015E+01  6.35923E-02  2.50000E-02
   2.83363E+01  8.40158E-02  3.00000E-02
   3.30747E+01  1.06483E-01  3.50000E-02
   3.78165E+01  1.30973E-01  4.00000E-02
   4.25615E+01  1.57508E-01  4.50000E-02
   4.73095E+01  1.86135E-01  5.00000E-02
   5.20605E+01  2.16916E-01  5.50000E-02
   5.68144E+01  2.49931E-01  6.00000E-02
   6.15712E+01  2.85265E-01  6.50000E-02
   6.63308E+01  3.23012E-01  7.00000E-02
   7.10931E+01  3.63272E-01  7.50000E-02
   7.58583E+01  4.05507E-01  8.00000E-02
   4.95884E-01  7.80563E-04  5.27714E-04
   1.23244E+01  2.68372E-02  1.30650E-02
   2.41926E+01  7.02072E-02  2.56023E-02
   3.60835E+01  1.19385E-01  3.81396E-02
   4.79929E+01  1.78146E-01  5.06769E-02
   5.99183E+01  2.57418E-01  6.32141E-02
   7.18625E+01  3.59403E-01  7.57514E-02
   8.38249E+01  4.84709E-01  8.82887E-02
   9.58079E+01  6.52360E-01  1.00826E-01
   1.07815E+02  8.68414E-01  1.13363E-01
   1.19848E+02  1.13803E+00  1.25901E-01
   1.31911E+02  1.46141E+00  1.38438E-01
   1.44006E+02  1.81317E+00  1.50975E-01
   1.56132E+02  2.31149E+00  1.63512E-01
   1.68305E+02  2.96440E+00  1.76050E-01
   1.80524E+02  3.53969E+00  1.88587E-01
   1.92780E+02  4.23763E+00  2.01124E-01
   2.05091E+02  5.29062E+00  2.13662E-01
   2.17466E+02  6.02549E+00  2.26199E-01
   2.29872E+02  7.32380E+00  2.38736E-01
   2.42380E+02  8.72792E+00  2.51273E-01
   2.54930E+02  1.01291E+01  2.63811E-01
   2.67581E+02  1.22342E+01  2.76348E-01
   2.80320E+02  1.42878E+01  2.88885E-01
   2.93161E+02  1.72647E+01  3.01423E-01
   3.06141E+02  1.99384E+01  3.13960E-01
   3.19214E+02  2.38749E+01  3.26497E-01
   3.32486E+02  2.71360E+01  3.39034E-01
   3.45823E+02  3.20419E+01  3.51572E-01
   3.59436E+02  3.69611E+01  3.64109E-01
   3.73120E+02  4.17931E+01  3.76646E-01
   3.87072E+02  4.85511E+01  3.89184E-01
   4.01174E+02  5.33673E+01  4.01721E-01
   4.15465E+02  6.14728E+01  4.14258E-01
   4.30035E+02  6.83874E+01  4.26795E-01
   4.44751E+02  7.58983E+01  4.39333E-01
   4.59768E+02  8.62053E+01  4.51870E-01
   4.75031E+02  9.38113E+01  4.64407E-01
   4.90493E+02  1.03541E+02  4.76945E-01
   5.06277E+02  1.15928E+02  4.89482E-01
   5.22355E+02  1.26524E+02  5.02019E-01
   5.38683E+02  1.36585E+02  5.14556E-01
   5.55281E+02  1.50136E+02  5.27094E-01
   5.72248E+02  1.65077E+02  5.39631E-01
   5.89531E+02  1.78341E+02  5.52168E-01
   6.07118E+02  1.92125E+02  5.64706E-01
   6.25024E+02  2.06877E+02  5.77243E-01
   6.43258E+02  2.22402E+02  5.89780E-01
   6.61829E+02  2.38581E+02  6.02317E-01
   6.80744E+02  2.55315E+02  6.14855E-01
   7.00005E+02  2.72787E+02  6.27392E-01
   7.19621E+02  2.90256E+02  6.39929E-01
   7.39572E+02  3.07396E+02  6.52467E-01
   7.59855E+02  3.24674E+02  6.65004E-01
   7.80465E+02  3.42412E+02  6.77541E-01
   8.01408E+02  3.60124E+02  6.90078E-01
   8.22665E+02  3.77204E+02  7.02616E-01
   8.44225E+02  3.93975E+02  7.15153E-01
   8.66075E+02  4.10325E+02  7.27690E-01
   8.88202E+02  4.26197E+02  7.40228E-01
   9.10594E+02  4.41546E+02  7.52765E-01
   9.33237E+02  4.56341E+02  7.65302E-01
   9.56118E+02  4.70560E+02  7.77839E-01
   9.79224E+02  4.84163E+02  7.90377E-01
   1.00254E+03  4.97368E+02  8.02914E-01
   1.02606E+03  5.10429E+02  8.15451E-01
   1.04978E+03  5.22597E+02  8.27989E-01
   1.07367E+03  5.33741E+02  8.40526E-01
   1.09773E+03  5.44434E+02  8.53063E-01
   1.12194E+03  5.54638E+02  8.65601E-01
   1.14629E+03  5.64384E+02  8.78138E-01
   1.17078E+03  5.73703E+02  8.90675E-01
   1.19540E+03  5.82626E+02  9.03212E-01
   1.22014E+03  5.91185E+02  9.15750E-01
   1.24500E+03  5.99411E+02  9.28287E-01
   1.26996E+03  6.07333E+02  9.40824E-01
   1.29503E+03  6.14980E+02  9.53362E-01
   1.32020E+03  6.22379E+02  9.65899E-01
   1.34546E+03  6.29554E+02  9.78436E-01
   1.37081E+03  6.36529E+02  9.90973E-01
   1.39625E+03  6.43324E+02  1.00351E+00
   1.42177E+03  6.49959E+02  1.01605E+00
   1.44737E+03  6.56452E+02  1.02859E+00
   1.47306E+03  6.62816E+02  1.04112E+00
   1.49881E+03  6.69065E+02  1.05366E+00
   1.52465E+03  6.75211E+02  1.06620E+00
   1.55055E+03  6.81264E+02  1.07873E+00
   1.57652E+03  6.87232E+02  1.09127E+00
   1.60256E+03  6.93057E+02  1.10381E+00
   1.62867E+03  6.99283E+02  1.11635E+00
   1.65485E+03  7.05719E+02  1.12888E+00
   1.68110E+03  7.11640E+02  1.14142E+00
   1.70742E+03  7.17342E+02  1.15396E+00
   1.73379E+03  7.23012E+02  1.16650E+00
   1.76023E+03  7.28527E+02  1.17903E+00
   1.78672E+03  7.34694E+02  1.19157E+00
   1.81329E+03  7.41299E+02  1.20411E+00
   1.83992E+03  7.47147E+02  1.21664E+00
   1.86660E+03  7.52550E+02  1.22918E+00
   1.89334E+03  7.58206E+02  1.24172E+00
